data = [0.4 0.6 4.645387775259258	 5.331699593863244	0.2689834243161686	0.043158800338994205	0.047976824241628815	1.5756006370134084	1.521036602074036;
2   2.2 4. 3.92811241 0.56211417 0.0432 0.0481 1.56901798 2.86810664;
2   0.4 4.                  5.6                 0.57666862          0.01                    0.06907026              2.32284971          1.61123265;
0.8 1.6  4.43344806 4.3 0.45120397 0.043 0.0479 1.07894509 2.80569594;
0.8 1.9 4.44 4.19037661 0.43295236 0.043 0.0479 0.91540311 2.72646945;
0.8 2.2 4.4 4.05 0.45919507 0.043 0.04790001 0.87291104 2.67760035;
1.2 0.4 4.28 5.61 0.58742033 0.0432 0.0481 3.17842776 1.63909031;
1.2 0.9 4.21990663 5.1 -0.31505078 0.0432 0.0479 0.778176 1.55897502;
1.2 1.6 4.3 4.38204441 -0.40055284 0.043 0.0479 1.13410579 1.9141567;
2   1.3 4.01 4.5 0.49111513 0.0432 0.0479 2.16253008 2.94703723
];

c1 = data(:,1);
c2 = data(:,2);
f1 = data(:,3);
f2 = data(:,4);
k = data(:,5);
% kim = data(:,6);
T1 = data(:,6);
T2 = data(:,7);
d = data(:,8);
yita = data(:,9);